3529063773
3535774317
3105083152
3687946213
1673320128
 900197309
1024866829
  50101375
1463271935
3037972005
3548464184
 367110741
3012165190
3476050834
3774622404
2455652586
3688462718
3922176081
 779684851
1428695271
2773975212
 167107381
1752385909
2214312520
1699720515
2018625901
2857443120
2691290299
 793490290
3502965875
1746480160
3294968393
 938127481
3263968116
  12542959
1534618707
4016888792
 742119614
2714580125
1709795579
1972594746
 268757457
4262851491
3589200776
 798312255
2199938529
 567939685
1045464819
2389509067
1870754561
1103446914
2130275169
3902332236
3565128100
2595292183
2966848231
1806967358
 537276318
3305600018
 173008105
 196680183
 196632575
 799345996
2367901189
1138995683
4192158340
1387108429
3272936406
3493215588
4115233858
1210858331
 244215644
1084884407
3657963179
1196802154
3636921151
1170201039
1934135782
3714794240
4081782105
2849061166
1428130375
 707844828
 526509603
3079564541
1240136378
4268507260
1188948028
1947127139
1596948612
 640175459
3704591970
1215544651
 721679737
1192662511
3202524761
4089609107
2469005396
3621712114
2282127434
1710399151
2158990834
1237742281
1735067705
2347819852
2425946725
1640070625
1456425342
1476114177
 706468559
1809409086
2837227551
 100875587
2010008646
1094359207
4161773011
2467858162
2811016941
 869344486
1324468501
 685068119
 579154918
4125256733
1843183668
 401082302
2670600131
  76225605
3811612004
2970065927
1722673425
3767860514
2406969677
2998360885
 838916455
1447702901
  83274407
1933991422
2523668704
4236531543
3530993309
2958446910
 505066205
3115332522
2376063177
 567406885
1073986024
 907268192
4130482732
3984864055
3214291490
3353603900
1872986039
3130016807
2744675042
4062939444
3186309336
4039945852
3618746392
 207459901
1500841841
1042259430
2725417054
 192511194
 276619793
3604579424
 563053169
3038118538
3944013983
1981244467
1094897419
1139758817
1805911996
4008463753
1613904236
 658054410
3643208673
1956126273
2151701414
 573402874
3876055888
4030539424
3118751888
3882601900
2858659833
3358227078
 376857485
1828394858
2330671593
3816297820
1806051474
1575759351
2652135240
1138986116
 981490370
  94800642
 200091075
   7765720
2034281418
1093606781
3070700359
3869697556
1815766769
1353810299
 868120092
2154250124
3455163915
3489179500
1454408699
3013660466
3138394693
1047124197
3215026247
2578998286
1103109850
2138364281
1179062830
 648234083
3717810291
2182345910
  11870885
1683766789
1158847033
1183494691
2177255029
2743332454
 875063603
   6297263
3193913049
2374589963
2009442523
1239824057
3327134134
  54897968
4241128217
1202374733
2318287019
2281480116
2349378960
1759129073
2959340502
3704890682
1606643489
1291219130
 236745459
1565993011
3399036448
1590848461
1618053019
 672550443
 419050185
 856093678
 706845938
1956345136
1729244643
1664263656
2325212004
1678752213
3838465383
2840457581
2194889504
3613363499
3417644619
1118536690
1961004730
2529273084
2348872766
1376404027
3435343139
3065026651
 939687443
3377222672
2768463103
3255471046
3114282882
1537977471
1598443114
 554585508
1650532294
 962452977
1276541018
4059710443
2864681085
  59583863
3731130454
4044549421
2248016130
4053742872
 861831708
3688245356
2998642843
1463566397
3101479594
3705971467
4044722446
 122803327
1567954826
1254946534
  60508908
 951831440
1283858856
 618255489
1585507299
2807801083
3001075685
1686609479
2541148006
3412037186
1598860647
1931964968
4201083686
2081746216
 802918478
3647307485
 955125541
1616066657
2809818896
3134575690
  51062976
 979070866
1232120816
3772174200
 418482458
3608480994
3799156661
2551046013
1214436310
  74468697
1687063910
1276444531
1776705270
1117822109
3417563698
 883988484
1624828200
3858992268
2572107641
 988587944
1777816164
1521740389
 926296079
 678664893
2187209356
3032196673
3205481906
 503201157
2159955753
3769319127
2555657455
 772157573
3500207832
3744898547
 670451297
4119240591
3546636529
2389337857
1306061381
 836092661
2410865519
2697550075
  51865831
1316405149
 294672313
1239229870
1333895518
3050319426
1182406371
2401484046
1399479657
1316130174
3675482173
 215930782
 662571326
2749793380
2044958657
2790880012
3376727057
3669976608
1687584640
 501032685
3008008320
4142074045
2912297705
1252805490
3197375353
2333129393
4157707083
1548509417
2940747438
 203397790
2597295143
2539189029
2759359272
 631888102
2531083268
2098265087
3821119284
 792480739
 526971709
4172024184
 633235420
1394554764
2420723652
 669076298
1582931394
 765281648
3875715405
4205472714
2441429084
3006594218
 780549367
 567031614
1313539994
 622989738
1384986905
 647487124
1055869289
1925357680
 731101091
3860175532
3577708004
4064014260
2103351179
2323713012
3887821734
 192026159
1133493886
3293983831
3860886440
 343948227
1880247572
3174777414
1869369030
 910297422
1210153409
1602612835
 350472201
4062430837
 864144407
3406780125
1017907233
1028990304
1487257106
 713922886
 738723177
2442943222
3507824411
3008588734
 823731440
4247144218
 610899751
2238572298
4253932941
2773865437
 472166879
1758660337
 762030043
3642732341
 909790368
 171845192
 202277495
2020181119
2558876313
1884431840
2857157688
4292441522
2314392088
1999846141
1502508063
  37679057
4023084994
1247645116
4271318009
 811510115
2155849703
1467049288
1296356447
1649225711
3974644045
2426024435
3240741242
3529006744
1907117965
1022492133
4262777375
2806704906
 291828187
3140956587
 383587556
2548035487
4245919953
1049273955
3243445596
2436812980
3940988524
 524639114
3598403124
1871146100
 603157210
1072397211
1906561632
3424299840
3833217283
3804299559
2782343248
2097982594
4202264415
1653242110
1666786177
 225989578
1176448413
2063637359
2358802159
 454277910
 703300292
 322577125
1531648995
1329828264
3349872671
1489860866
1607978662
1124955958
3204050118
1660781392
 946131351
2791184018
4162351135
 285850719
 306151820
3630343521
1400280076
3027703400
4019515756
3808202059
 855324413
2816128355
3321574047
3498727132
 384607261
1112055224
3070213132
3983698099
1617384505
2447918144
1339865034
1265856174
 186616952
 782450445
3204531414
2324129180
3857083486
 362752005
 541399764
 274901154
4134455863
2921368259
2522083235
2243998848
3313700619
 945852974
2570238825
1164149181
1908248190
2539290837
1146320703
4263029317
2049123034
 996060266
3585342061
3952057801
3863598555
3671569102
3363808988
2125168382
1357968219
3170002471
2899385234
 480273336
4223779817
2935948018
2680571833
 742115420
1104923598
 684042245
2243133461
3980821693
2622617055
3580712965
 238605373
1293700721
3343939418
2398019914
2197719744
  30013629
1588098438
 236841090
1569713867
2400560289
1238409745
2361630105
1681013097
1706960306
2254941583
 180629818
1710154801
2700714912
1032767492
3292158223
3261251953
 872381695
4176118430
3655988095
2692226352
 416900910
1905040160
2482840457
1710038001
4267227803
 971885082
1605505025
1803125346
1186792588
3652022783
2095242313
1583924274
3001226755
3905680522
1234583547
3050080241
3075669066
3598137185
 314898029
1691701865
 540983476
3234203438
1483617948
1385984859
 357714469
 378273449
 611970342
2194754900
  93317094
 980555860
3477425387
1554309671
 665602758
2110694559
 244426420
1413078721
1083425991
3322000938
3920637521
 336125227
1363421432
1436047808
3758361875
3225793025
2996576695
2278164809
1671190263
 622705658
 762402081
3538274874
  12651152
1516484906
 863683382
2814168602
1721995451
 230339968
1417174298
 801610116
 773916579
 585626791
 975198910
1560463219
 258717572
1252713677
2369406454
3779815840
3389243594
3944797523
4022683220
 525518651
1785289530
3236980474
1045285689
2491106182
1201540399
 314270463
3154909335
1810252740
3004935958
2648133406
1044022359
 386565438
2423870601
3734898229
3941147005
 859967523
 449181809
1106312332
3068595679
 865801287
2204371239
1844213373
3231786244
4290568810
2062580072
  75210108
1676348039
 789344825
 850137746
2609946278
1351610446
3485869202
2908224221
2446351403
1811209293
3432954136
1087474397
3056347248
 812465147
3843791213
3351715358
2245827093
 583101613
 936150627
1494609939
2893502834
2751131214
2601233599
2002345514
1491705802
3539565022
4089402415
1397169508
1710169807
3509517038
3083992383
1073059627
2420397961
2399977599
3990498464
1163464254
 997109740
 307218666
2624499234
2400410530
4182658486
 856662639
4094335274
1708585952
1455872919
1616804434
3790607118
3045073145
 516047708
1041826431
1943320966
3562649317
  39465108
1477054734
1162335875
 226850359
1552413211
 527200298
3971806064
3195835707
 457910908
  74163833
2166725511
4074733530
1683260330
3058877374
1838187137
 567756532
2610667177
2985689544
1145952438
 540485478
4083692697
 420199104
  58645101
3310423660
  54152560
3816893276
 515775675
3047558320
 332421914
2611981517
3407993198
2499161551
1360127542
3085627187
 685963198
1087654945
3605680703
3142306021
1784225412
1413578310
2394590587
2582900705
3421410195
1619417063
1463054682
 941282371
1033136263
2934208533
2760541681
2697351514
 357236202
  30387487
3965902768
3314067880
3708665471
2216736015
 366701206
2848848879
1324275491
4244889743
3107371023
 120830781
 686534495
3997702671
4233542489
3845781176
1017219910
3311435617
2110211290
 166221721
1682422745
3975920894
2835595530
 271069121
4210218347
2251008247
 909816205
1774695242
 405595295
 634251868
1868968718
 339563634
2966234620
3083538422
3377938014
3835477211
 998156624
 388047396
4223419544
2503182661
 244357836
1424210254
2198446698
2285951595
3186271573
2871722406
3733438625
4158658679
2633122145
3051346685
 309813354
2978606276
3236049412
2212707072
3328706611
2210363745
1308765469
3057510479
 554177259
3177263711
1557285726
1781041905
 292804826
2964339323
1703482221
 312815528
1538666324
2816660020
2291683020
1312726893
2781280954
 881680065
1145767452
2397521200
 681756205
 401316294
 897236766
 627904736
3951855102
3833553553
 352025695
2601846390
2658657068
2019024978
3993510721
1050855695
1453858437
4252892321
1619936281
  82498564
1660777531
2812727293
2206191184
 326632203
3468775697
2078048850
  14093056
4218910313
1109635632
1376373297
3557532422
2315556188
1777186986
 174242604
1094070216
1917324399
1797057381
1311738320
3686268454
2427707515
2584678759
3701909067
2472234280
 342368135
3864318111
3570855654
1422762739
 913029107
2932249318
4117846726
2948248353
3432138008
1682052128
1137727151
3058070750
1842287284
2265835547
  49601429
2495436230
4080073640
 285178976
4276629961
2982664089
3977381089
2586660543
1322456832
3026362437
 913404707
3190273614
3256756878
 755519228
1612988585
 525561036
 489841986
2470944216
2640194492
 725958588
3960982030
2809199982
1379604672
1219488972
1830180560
3001197637
3622341280
2491433477
 905550291
2644736637
1354907674
4185342959
1309626297
2131607197
 512358166
1301779562
  37648445
 159433279
2256000786
2287548985
1309949342
4195841824
 106496296
1849306406
3890426468
2583892053
 882171532
4252204345
3526083999
3638221016
1967804530
2967744756
3198374028
3550147510
 347406653
1968994027
1023279929
1324729490
3709895347
 875963952
2476851663
 605748191
 510379837
3680408346
 902333237
2848421152
2356375386
1004859118
3351166822
2296941278
2779509000
1024188505
3558148637
1187245610
2875698162
1193936307
 834622857
2755018283
4177962254
2610060503
2609093464
 338179640
1996130920
2287645598
2947816241
2355963335
3456357142
2552442967
