61621350
2006420098
4171883635
3510617412
1349633402
1386467765
1098163491
2734615976
643440
863125500
1953999959
2062832447
2174804911
913706228
4067474049
4280686208
2542548066
2967188384
450797744
1623472334
2648839891
3307871823
1588897877
1320629335
1211522658
4122316593
2073523311
3302818429
2981528115
494148863
2100310781
1464686681
545435267
3262522434
3431007721
3510146344
3647989920
3235374618
1894542320
3663169448
1601014090
2439531120
199935527
2430550978
1402900755
3142102388
3414658351
2335611314
2998366370
1394231718
1719823288
1233135245
2568777541
4238216419
3246222907
3825769165
3915440999
1048067482
1913795684
2449346622
1101352319
4112175884
3109569387
243847294
2924234369
2403751391
2708891650
40634852
3325115783
3636937003
3265433169
3772944808
2284194749
2628455507
4107010697
2028991880
3371373496
3145607270
3570494749
4176712440
4224188819
1343781293
4054767509
1970294639
707818928
1278981753
4248092206
2258920670
3756768443
272199364
2907704458
1761085568
1568489331
375038293
994867129
1819013698
2590114043
2562958020
2117198891
1932843661
1615415440
886721927
458356110
3785480832
2065790788
2013423559
3651220422
3286627632
478578082
1231580738
1606231725
454206174
931814689
842980890
1058921401
2926374892
10165453
4215150228
3096835427
1582560186
406163925
757805996
3401245304
1937437527
3859110130
1542894111
2903542745
1530002320
1433086465
1344289388
860399516
184883499
3198085097
3399661793
1122780244
1168828588
17216948
3612349697
2847176217
2478018335
287169379
3029823764
1170980095
3825914884
2364766930
4154796955
779043579
1921824744
2988649049
2233726519
1540790655
699854785
2691473589
515495205
135111473
1909577068
3010738181
4287650247
2762813723
744246108
2495653806
941583927
841019682
965881591
1790877061
1933519387
1758582861
4160266758
3557004908
3100343990
3264387742
2747617699
508615722
2257756637
2495692761
2827673796
3509242099
936950004
2766559321
2761876937
713755092
1399413946
2939598554
2526767413
708147519
2990247943
2425871762
3803198362
1458668970
3343847652
2033589315
326669635
3585424078
159628027
4179196905
3430662676
306673290
2269927783
2452186228
4013925493
165491452
2148419486
196101130
1432075787
4149586897
397703424
2497917847
168975280
1949885296
1416932690
499513147
745760960
2814636157
2557492571
541684397
2862438875
3495956835
1451357864
2973227573
3607032052
1560076116
3236250436
3963421241
2251566332
1961868415
2951030986
2693545317
2056599002
3553829666
4025771145
2757704115
1955688463
669767932
4165145885
3627908945
1282273467
3988543282
4149810105
2998087405
918103470
3997207164
1130898404
3668775756
3692420739
1017769271
946202225
2964776277
3568096548
258784171
2102417174
1602164442
756353878
476970771
1555285403
3599812971
2869005514
2707307618
2757893167
961931367
2334020598
3363534976
3223861988
3413572195
1686434596
3653993068
2320049683
1539204081
1206106973
1759657784
3780680610
864101545
704796834
2236120538
643647788
1477857494
3748538868
1401201356
1115602032
1266904121
2065313992
284109563
3080948284
2465465567
3650917384
2449603178
62079246
547385556
964577911
1937718135
223963896
2631748230
1451422453
1182476494
3957411386
3854737139
3279176889
2645635200
2159963053
1034967218
3880863192
1302941640
1447129360
914192543
3371766669
247181583
3132211652
2689453233
1099693211
3568205787
3714820231
1188962767
3004566781
2526537426
626738480
90054859
1399918150
1073052762
3190425716
442594186
867489325
484119353
3294946026
3071778713
198762909
2733834471
970924389
1462174054
2493570486
749154583
3861625545
3209715399
4002849873
523243947
3969001154
3610803478
1266737411
2768574160
2496142154
2069111898
3893586788
1955829930
2512355382
198552799
1668661214
1139052055
3689478560
3583031817
1890426569
677497011
1328099479
667022899
3925647900
1834368775
2447567348
4199912164
3507667320
2436260824
3928317284
3608946718
1956159145
715908868
3301753180
3893340473
3233162840
3906123332
4152231220
3133092398
1923724991
475262534
3437580454
4157891939
2252641251
2533211180
615041192
2025504985
211800564
2195330486
943178316
1606613392
3722007129
2584128663
1313239548
526235619
3534278301
2800917545
645850398
1632911810
2848283720
3127611959
1298383761
2687076199
2511147981
2976005399
3871076170
2271901138
2486129812
2175824125
2780476042
2739159440
3150551050
80250391
3616836497
751895590
3847634597
2903439771
256412990
1681997282
176921452
1850886344
3729010907
3872313443
2227392051
4224981409
2330316856
1186197703
286830491
769983121
3213986798
155509101
3179373889
581822184
2226963787
1013890522
1443773423
1863200715
2450486839
1755914835
377069922
2207285823
1166407952
2707228706
3990930385
3484821829
3029556479
4276350135
3435870273
2572798277
70518945
1232435375
1394184814
2578140200
164012782
4227920947
1234135351
4014498039
2214387489
131846740
2319885277
3265317073
2080606398
3247241783
210412935
1782682126
3598655994
1527513210
3777429241
2204319987
384656857
2488947075
720539821
511604157
792302644
2509825392
145416664
4184256355
3498424562
1701667318
3263953529
3099031996
2940297962
2919324783
2424366854
683912512
632247684
2944303954
573306473
1314092146
59607696
1255241522
1369320228
1291897218
3927303214
2197138980
2263401868
1502561018
3868991163
3603733803
3237594008
2846176912
2467137290
1778035657
913006992
154911672
552876102
546473631
2737303111
3769344789
553666618
81434439
3799578736
1639552758
1559111090
4089716199
1530909919
1088489015
668163563
1098621522
1957641206
2972812955
677102147
1093852087
3321362538
3276023025
4066867466
3553654812
2072599417
3552167953
1643308038
1089115473
2568062111
2571114639
3210290348
2113507068
4243212382
1472193652
893233909
2684564052
1621363266
3965391399
1217270510
41625030
2524126099
2937614142
2469509008
3771543407
973671836
404645463
2584660582
3082293469
2857463828
2321698628
3533661755
423522234
3065259407
1014286968
3597426275
3110614436
3273325902
2475314807
3658338149
1541062346
1593540151
3404209196
2704051452
1615265622
4054184717
1187236272
2101563046
1686288451
2995697480
964891707
2843128542
3598557793
85014345
4164217890
1495224503
604913505
23405585
3255513545
759348580
1697990103
3915601061
1857729062
168804436
1801345064
3362851760
2329820470
1973526694
3807580385
4239919607
2386595161
1037410257
3885236824
3003979478
4189372487
789980409
2643337825
1207158596
800632980
700316419
962789373
605181259
3256126064
4046901345
3768991471
3351996808
1241551008
3667394281
2006481517
2814984717
2730567257
3015306256
1886712153
2842408275
1093916464
3877367192
1510052745
2548549553
3729347083
2761375729
115854316
2024588887
4239662372
580148929
3357288096
2756672024
4254994202
1553978504
500253106
1473694014
4192763560
1816138489
3359911300
1180656128
153091737
2234945888
3508654012
1041689818
2013262092
2157575490
3519296714
2440970942
2498637582
369982493
4177802375
3335738059
4293345351
214142126
3670687061
87715482
2344660851
270899105
461403595
812351662
1990184815
1359008896
3501278265
3716007659
2051225306
205988885
4273409453
1252897093
39379514
293647304
4095904504
2367281676
2529429286
339062364
555088351
4275558048
270120714
3363463037
1532340344
4041283619
3235513871
3951227509
308066764
828804264
1950062018
2853720018
4024656083
3789089940
3950274298
755426799
3148852369
48974219
2372012365
2871613100
3452409331
1174490376
1809171419
1907828388
3091317440
1836139829
2214982543
1550249243
3157032125
621676904
2631161601
3421431554
3428089041
3726901366
1789770812
674096339
3824883620
2215841615
58892326
3348029464
1445031863
537616048
1076074162
1065612912
559858847
3191012051
1029975670
1371634057
694825152
412121905
3496644739
696281537
3328728990
4149676517
3907164353
3810129457
1911606021
1578669673
2759793982
2466705731
2766726556
2530922417
2752046595
2286865906
3347416143
2229744327
323927544
1452932019
792712988
805984092
4186682497
1458703028
4165114861
2607444308
2373012815
3420801236
4073344226
2718218999
3067709929
3267955958
430739591
1669091075
3392034805
2406876767
3787871028
2636689680
547115438
367855794
1513522130
3851493003
360342741
4101306769
2648319733
3041649389
3836823021
2412002690
3629437195
3597712451
627932402
65782620
3580692023
1477858631
69419575
1419240458
4169752908
3694929028
3536542223
1004446786
3643838086
1248296827
2785668263
1654361571
679487335
3150544063
3582926253
3486439937
3353293536
3161521431
335615331
884488459
1076746510
3680904739
2050192547
2357825844
3989562611
3422457392
4208513880
1373152064
883655240
2822519617
969666002
3946410060
3898927777
4120668158
1372838854
4080436859
2967068759
1107018787
3710396491
662683761
3035438901
2955813590
2535204952
1714089612
1408594598
894881519
2433164735
3583981169
3432804926
3467222387
115186270
1000296712
1569566756
943122661
4150587326
3856415986
2480745096
228041287
254672739
613880727
289944913
3288012742
1344814133
406866016
1166207559
3155812586
1915593289
113158558
1129057931
4108135573
2277970800
1165732804
2708079488
2445759739
2764391873
2885981156
4067629626
993248979
2909508772
2327599205
1576479679
1708152064
3034893017
2184434455
1641568536
538292676
2598380009
1025461715
953853957
245438353
3404649995
4047730918
440573304
202047927
484165025
2227141513
4263248525
1046781728
1052570436
3122268763
2387139747
3073844374
1198330875
307391099
3961133360
2849403965
3936695393
1123405929
2205932105
4063145999
187530583
83009506
2126714762
3775900339
653983199
1217889266
1983159737
961010207
549702575
2838733474
373650938
2271405102
3110399658
2607004664
193821240
1552506931
3897732530
737568753
1421781112
495894185
903952210
1214239669
1553723183
1924443485
960227873
3414567902
817343821
405427659
2514303479
2350141319
589508532
4028155710
1308275303
2689061902
3409623089
1026578288
2029654523
2842317088
1412035644
715064444
2686001143
1849620001
3485569732
1359101210
1547625747
141863731
3330138647
2289015431
2826859783
1826788020
2149114242
2815666396
3398474045
1792130760
967352103
3795066522
2962124696
2593157970
3498339267
503206101
3933649392
2822257687
586605207
3650424370
3522937641
3826701034
1301770860
2555628479
3002527919
3899793878
2685296823
821988252
895907992
3993225145
2311651069
2144043028
889141453
2144214907
912191205
489733609
2825328369
3103201284
116935567
3024474604
4058756679
2564531884
970352593
2161986926
2638761769
535868013
452096003
2571781760
1435462770
3221445847
714958945
3285639844
305482604
1193564336
1807679090
3625513158
3404997650
2704637438
112835404
2641052175
2918389522
1048851935
1971493687
3465183689
2995862183
173620260
578810046
1268189358
417854204
913007969
1602067975
1492909248
3823942314
93239058
156213794
770445948
1825238696
2346919647
3965180116
2064961617
424054178
136472128
1689707583
1328635616
2887281483
1670746704
911385200
3606418106
2339839311
1804367556
3151833003
1702010109
2434406421
2889474648
2942135286
4283473720
1160566109
689880269
286273495
2842038433
1449562050
76292279
118257431
1587776879
1819956903
3570801344
3514733513
1363146741
3664820440
3152966451
419640673
3950841612
